18
4 6
0 0 0 0 0 0
0 0 0 0 0 0
0 0 1 0 6 0
0 0 0 0 0 0
6 6
0 0 0 0 0 0
0 2 0 0 0 0
0 0 0 0 6 0
0 6 0 0 2 0
0 0 0 0 0 0
0 0 0 0 0 5
6 6
1 0 0 0 0 0
0 1 0 0 0 0
0 0 1 0 0 0
0 0 0 1 0 0
0 0 0 0 1 0
0 0 0 0 0 1
6 6
1 0 0 0 0 0
0 1 0 0 0 0
0 0 1 5 0 0
0 0 5 1 0 0
0 0 0 0 1 0
0 0 0 0 0 1
1 7
0 1 2 3 4 5 6
3 7
4 0 0 0 0 0 0
0 0 0 2 0 0 0
0 0 0 0 0 0 4
3 3
6 6 6
6 6 6
0 6 6
1 6
0 6 5 6 0 0
3 1
6
5
0
3 3
0 5 0
6 0 0
6 0 0
8 8
0 0 0 0 0 0 0 1
0 0 0 0 0 0 1 0 
0 0 0 1 0 0 0 0 
0 0 0 0 0 1 0 0 
1 0 0 0 0 0 0 0 
0 0 1 0 0 0 0 0 
0 0 0 0 1 0 0 0 
0 1 0 0 0 0 0 0
7 5
0 6 6 6 6
6 0 6 4 6
6 6 1 2 6
6 0 1 6 0
6 6 0 0 6
0 6 0 6 6
3 0 6 0 0
5 5
6 6 6 6 6
6 0 6 3 0
0 0 0 0 6
6 6 0 6 2
0 0 2 6 0
4 3
0 0 0
3 0 0
0 2 2
0 1 6
4 5
0 6 0 6 4
6 6 6 0 0
0 0 6 3 4
0 6 0 0 0
5 5
2 0 6 3 4
0 0 6 0 0
0 0 6 0 5
6 0 3 4 2
0 5 0 0 0
4 5
0 0 0 6 0
6 0 6 0 0
2 6 0 0 0
0 0 6 0 3
4 6
2 6 0 3 0 2
0 0 0 0 0 0
0 0 0 0 0 0
0 0 0 0 6 1