35
28
21 2
22 23
3 5
34 30
29 31
3 28
20 12
27 26
31 7
5 10
21 10
19 2
15 23
4 23
3 19
3 35
13 30
30 30
23 27
32 17
22 24
8 27
4 8
30 18
15 28
22 29
28 5
16 33
20
27 D
61 L
68 L
100 L
133 L
160 L
165 D
168 D
170 D
182 D
206 D
207 D
214 D
215 D
216 L
237 D
240 D
241 L
251 D
252 D
[
    237
]
20
13
6 15
7 18
20 14
14 13
11 9
7 10
3 18
10 10
13 13
13 5
6 9
10 4
4 3
19
17 D
36 D
41 D
54 D
56 L
57 L
63 L
68 L
72 L
73 L
76 D
79 D
82 D
85 D
87 D
93 L
105 D
110 D
114 D
[
    90
]
8
5
6 1
7 3
3 5
5 7
5 6
12
2 D
8 D
10 D
12 D
18 L
20 L
22 L
24 L
25 L
28 L
32 D
33 L
[
    27
]
8
3
5 4
5 8
2 5
6
7 D
11 D
15 D
18 D
19 D
20 D
[
    21
]
5
0
5
4 D
8 D
12 D
15 D
20 L
[
    20
]
2
4
1 1
1 2
2 1
2 2
4
1 D
2 L
3 D
4 D
[

]
10
5
1 5
1 3
1 2
1 6
1 7
4
8 D
10 D
11 D
13 L
[
    13
]
10
4
1 2
1 3
1 4
1 5
4
8 D
10 D
11 D
13 L
[
    21
]
6
3
3 4
2 5
5 3
3
3 D
15 L
17 D
[
    9
]